01  0725 1655  0712 1728  0638 1759  0550 1830  0508 1859  0442 1926  0444 1935  0507 1917  0535 1836  0602 1748  0634 1705  0706 1644
02  0725 1656  0711 1729  0637 1800  0549 1831  0506 1900  0442 1927  0445 1935  0508 1916  0536 1834  0603 1747  0635 1704  0707 1644
03  0725 1656  0710 1730  0635 1801  0547 1832  0505 1901  0442 1927  0445 1935  0509 1915  0537 1833  0604 1745  0636 1703  0708 1644
04  0725 1657  0709 1731  0634 1802  0545 1833  0504 1902  0441 1928  0446 1935  0510 1914  0538 1831  0605 1743  0637 1702  0709 1644
05  0725 1658  0708 1732  0632 1803  0544 1834  0503 1903  0441 1929  0446 1935  0511 1913  0539 1830  0606 1742  0638 1701  0710 1644
06  0725 1659  0707 1733  0631 1804  0542 1835  0502 1904  0441 1929  0447 1934  0512 1912  0540 1828  0607 1740  0639 1700  0711 1644
07  0725 1700  0706 1735  0629 1805  0541 1836  0501 1905  0440 1930  0448 1934  0512 1910  0541 1827  0608 1739  0640 1659  0712 1643
08  0725 1701  0705 1736  0628 1806  0539 1837  0500 1906  0440 1930  0448 1934  0513 1909  0541 1825  0609 1737  0641 1658  0712 1644
09  0725 1702  0704 1737  0626 1807  0538 1838  0459 1907  0440 1931  0449 1933  0514 1908  0542 1823  0610 1736  0643 1657  0713 1644
10  0725 1703  0703 1738  0625 1808  0536 1839  0458 1908  0440 1931  0450 1933  0515 1907  0543 1822  0611 1734  0644 1656  0714 1644
11  0724 1704  0702 1739  0623 1809  0535 1840  0457 1909  0440 1932  0450 1933  0516 1906  0544 1820  0612 1733  0645 1655  0715 1644
12  0724 1705  0701 1740  0621 1810  0533 1841  0456 1909  0440 1932  0451 1932  0517 1904  0545 1819  0613 1731  0646 1654  0716 1644
13  0724 1706  0659 1741  0620 1811  0532 1842  0455 1910  0440 1933  0452 1932  0518 1903  0546 1817  0614 1730  0647 1653  0716 1644
14  0723 1707  0658 1743  0618 1812  0530 1843  0454 1911  0440 1933  0452 1931  0519 1902  0547 1815  0615 1728  0648 1653  0717 1645
15  0723 1708  0657 1744  0617 1813  0529 1843  0453 1912  0440 1933  0453 1931  0520 1900  0548 1814  0616 1727  0649 1652  0718 1645
16  0723 1709  0656 1745  0615 1814  0528 1844  0452 1913  0440 1934  0454 1930  0521 1859  0549 1812  0617 1726  0650 1651  0718 1645
17  0722 1710  0654 1746  0614 1815  0526 1845  0451 1914  0440 1934  0455 1929  0522 1858  0549 1811  0618 1724  0651 1650  0719 1645
18  0722 1712  0653 1747  0612 1816  0525 1846  0451 1915  0440 1934  0455 1929  0523 1856  0550 1809  0619 1723  0653 1650  0720 1646
19  0721 1713  0652 1748  0611 1817  0523 1847  0450 1916  0440 1935  0456 1928  0523 1855  0551 1807  0620 1721  0654 1649  0720 1646
20  0721 1714  0651 1749  0609 1818  0522 1848  0449 1917  0441 1935  0457 1927  0524 1854  0552 1806  0621 1720  0655 1648  0721 1647
21  0720 1715  0649 1750  0607 1819  0521 1849  0448 1917  0441 1935  0458 1927  0525 1852  0553 1804  0622 1719  0656 1648  0721 1647
22  0720 1716  0648 1751  0606 1820  0519 1850  0448 1918  0441 1935  0459 1926  0526 1851  0554 1802  0623 1717  0657 1647  0722 1648
23  0719 1717  0646 1753  0604 1821  0518 1851  0447 1919  0441 1935  0459 1925  0527 1849  0555 1801  0624 1716  0658 1647  0722 1648
24  0718 1718  0645 1754  0603 1822  0516 1852  0446 1920  0442 1936  0500 1924  0528 1848  0556 1759  0625 1715  0659 1646  0723 1649
25  0718 1719  0644 1755  0601 1823  0515 1853  0446 1921  0442 1936  0501 1924  0529 1846  0557 1758  0626 1713  0700 1646  0723 1650
26  0717 1721  0642 1756  0600 1824  0514 1854  0445 1922  0442 1936  0502 1923  0530 1845  0558 1756  0627 1712  0701 1646  0723 1650
27  0716 1722  0641 1757  0558 1825  0513 1855  0445 1922  0443 1936  0503 1922  0531 1844  0559 1754  0628 1711  0702 1645  0724 1651
28  0715 1723  0639 1758  0556 1826  0511 1856  0444 1923  0443 1936  0504 1921  0532 1842  0559 1753  0629 1710  0703 1645  0724 1652
29  0715 1724             0555 1827  0510 1857  0444 1924  0443 1936  0504 1920  0532 1841  0600 1751  0630 1708  0704 1645  0724 1652
30  0714 1725             0553 1828  0509 1858  0443 1925  0444 1936  0505 1919  0533 1839  0601 1750  0632 1707  0705 1644  0725 1653
31  0713 1726             0552 1829             0443 1925             0506 1918  0534 1837             0633 1706             0725 1654